Dan 92809 4 84 14 0 1 1 1 1 1 1 4 1 3 
100 100 101 112 110 97 101 101 101 




2 Ore 3 0 2 5 2 2 Ore 3 0 2 5 2 
4 Common 3 0 1 4 Common 3 0 1 
5 3 7 64 0 5 1 4 24 0 3 3 2 64 0 
16044.489258 1
Lisa 92809 1 24 0 0 1 1 2 1 2 1 2 1 0 
100 100 100 100 98 100 100 100 100 






2 1 2 24 0 
37.449398 0
kjhdsaidga 92809 1 24 0 0 1 1 1 1 1 1 4 1 0 
100 100 100 100 100 100 100 100 100 







1.044999 0
Bill 92809 1 24 0 0 1 1 1 1 2 1 3 1 0 
100 100 100 110 110 100 100 100 100 







0.445000 0
Dan 92809 1 24 0 0 1 1 1 1 3 2 1 1 0 
100 100 100 100 100 100 100 100 100 







0.000000 0
dsndsdsd 92809 1 24 0 0 1 1 1 1 1 1 4 1 0 
100 100 100 100 100 100 100 100 100 







0.125000 0
fdfdsf 92809 1 24 0 0 1 1 1 1 1 1 4 1 0 
100 100 100 100 100 100 100 100 100 







0.000000 -1552090376
lasdhsadh 92809 1 24 0 0 1 1 1 4 1 1 1 1 0 
100 100 100 100 100 100 100 100 100 







0.000000 -1163005939
dsdads 92809 1 24 0 0 1 1 1 1 1 1 4 1 0 
100 100 100 100 100 100 100 100 100 







0.000000 -1163005939
asdasd 92809 1 24 0 0 1 1 1 4 1 1 1 1 0 
100 100 100 100 100 100 100 100 100 







0.000000 -8
dfafdsg 92809 1 24 0 0 1 1 1 1 1 1 4 1 0 
100 100 110 100 110 100 100 100 100 







0.250000 274722720
dafd 92809 1 24 0 0 1 1 1 4 1 1 1 1 0 
100 100 100 100 100 100 100 100 100 







0.000000 -1163005939
sdsdsa 92809 1 24 0 0 1 1 1 4 1 1 1 1 0 
100 100 100 100 100 100 100 100 100 







0.000000 -1163005939
dsdds 92809 1 24 0 0 1 1 1 1 1 1 4 1 0 
100 100 100 100 100 100 100 100 100 







0.000000 -1163005939
sdad 92809 1 24 0 0 1 1 1 1 1 1 1 4 0 
100 100 100 100 100 100 100 100 100 







0.000000 -1163005939
sdadad 92809 1 24 0 0 1 1 1 1 1 1 1 4 0 
100 100 100 100 100 100 100 100 100 







0.000000 -1163005939
dfsdfs 92809 1 24 0 0 1 1 1 1 1 4 1 1 0 
100 100 100 100 100 100 100 100 100 







0.000000 -1163005939
sadasd 92809 1 24 0 0 1 1 1 4 1 1 1 1 0 
100 100 100 100 100 100 100 100 100 







0.000000 -1163005939
